=== DESCRIPTIVE STATISTICS SUMMARY ===

 n_rows  n_columns  n_duplicate_rows  n_missing_cells  percent_missing_cells  n_unique_influencers  avg_posts_per_influencer min_post_datetime max_post_datetime
  10000         73                 0                0                    0.0                   800                      12.5        2024-01-01        2025-12-30

=== KEY NUMERIC VARIABLES ===

                  variable  n_non_missing  n_missing         mean           std         min          p1          p5         p25       median          p75          p95           p99          max  skewness    kurtosis  n_zeros
    persuasive_power_index        10000.0        0.0     0.000000      0.643390   -1.113092   -0.943925   -0.795767   -0.460435    -0.129272     0.324681     1.215651      2.060792 4.849261e+00  1.297100    2.753506      0.0
  persuasive_power_index_z        10000.0        0.0     0.000000      1.000050   -1.730129   -1.467186   -1.236896   -0.715674    -0.200934     0.504666     1.889542      3.203182 7.537426e+00  1.297100    2.753506      0.0
       amplification_index        10000.0        0.0     0.000000      0.990294   -2.983437   -1.845190   -1.363379   -0.651497    -0.112786     0.495975     1.718252      3.263834 6.992246e+00  1.159440    3.477758      0.0
                     reach        10000.0        0.0 21487.222400 110144.363531  756.000000 2120.990000 3279.900000 6044.000000  9754.000000 16734.750000 49441.600000 194919.180000 5.000000e+06 32.169738 1321.557947      0.0
                 log_reach        10000.0        0.0     9.287017      0.874819    6.629363    7.660110    8.095873    8.706987     9.185535     9.725302    10.808568     12.180345 1.542495e+01  1.194131    3.631367      0.0
               impressions        10000.0        0.0 35364.204800 181494.505806 1128.000000 3081.980000 4741.950000 9348.000000 15670.500000 27477.500000 83447.850000 332669.190000 9.897971e+06 31.601832 1320.744204      0.0
           log_impressions        10000.0        0.0     9.752857      0.912081    7.029088    8.033652    8.464415    9.143025     9.659599    10.221159    11.331989     12.714906 1.610784e+01  1.059997    3.062360      0.0
    high_effort_engagement        10000.0        0.0     4.064900      8.236508    0.000000    0.000000    0.000000    1.000000     2.000000     5.000000    13.050000     32.000000 3.180000e+02 13.015632  321.370917   1987.0
log_high_effort_engagement        10000.0        0.0     1.184365      0.862608    0.000000    0.000000    0.000000    0.693147     1.098612     1.791759     2.642507      3.496508 5.765191e+00  0.508577    0.245198   1987.0
  engagement_success_index        10000.0        0.0    -0.000000      0.749062   -0.807961   -0.807961   -0.807961   -0.598162    -0.158345     0.374072     1.445165      2.428476 5.697777e+00  1.401025    3.053523      0.0
             authority_log        10000.0        0.0    10.315099      0.979792    7.058758    8.217978    8.765927    9.638219    10.324498    10.928346    12.052269     12.763243 1.415273e+01  0.205466    0.244697      0.0
               authority_z        10000.0        0.0    -0.000000      1.000050   -3.323669   -2.140481   -1.581203   -0.690875     0.009593     0.625926     1.773087      2.498761 3.916979e+00  0.205466    0.244697      0.0
          reach_efficiency        10000.0        0.0     0.000374      0.000590    0.000000    0.000000    0.000000    0.000056     0.000197     0.000459     0.001335      0.002849 1.011200e-02  4.913249   41.875065   1987.0
     impression_efficiency        10000.0        0.0     0.000244      0.000411    0.000000    0.000000    0.000000    0.000032     0.000121     0.000292     0.000890      0.001893 7.661000e-03  5.871139   61.094114   1987.0
                     likes        10000.0        0.0   610.102900  11428.295082    1.000000    8.000000   17.000000   43.000000    78.000000   145.000000   784.100000   4891.610000 8.767750e+05 53.259736 3634.343525      0.0
                  comments        10000.0        0.0     4.117700      3.987936    0.000000    0.000000    0.000000    1.000000     3.000000     6.000000    12.000000     18.000000 4.000000e+01  1.967878    6.465044   1219.0
                    shares        10000.0        0.0     1.086600      1.422850    0.000000    0.000000    0.000000    0.000000     1.000000     2.000000     4.000000      6.000000 1.500000e+01  2.151834    7.560537   4458.0
                     saves        10000.0        0.0     0.913000      1.852829    0.000000    0.000000    0.000000    0.000000     0.000000     1.000000     4.000000      8.000000 3.400000e+01  5.884623   60.993629   5768.0
            profile_visits        10000.0        0.0     1.264300      3.328837    0.000000    0.000000    0.000000    0.000000     0.000000     1.000000     5.000000     12.000000 1.690000e+02 18.336686  713.590418   5305.0
               link_clicks        10000.0        0.0     1.887600      5.002606    0.000000    0.000000    0.000000    0.000000     1.000000     2.000000     7.000000     19.000000 1.510000e+02 12.318083  244.205459   4579.0
               early_likes        10000.0        0.0    74.776400     59.341304    0.000000    4.000000   12.000000   33.000000    60.000000   100.000000   190.000000    280.000000 5.820000e+02  1.912070    6.196251      7.0
            early_comments        10000.0        0.0     9.232700      7.999834    0.000000    0.000000    1.000000    4.000000     7.000000    13.000000    25.000000     37.000000 7.500000e+01  1.780428    5.046782    421.0
              early_shares        10000.0        0.0     4.658800      4.595138    0.000000    0.000000    0.000000    1.000000     3.000000     7.000000    14.000000     21.000000 4.400000e+01  1.886530    5.580190   1236.0
    early_engagement_total        10000.0        0.0    88.667900     61.051198    2.000000   13.000000   22.000000   46.000000    74.000000   115.000000   206.000000    302.010000 5.890000e+02  1.847029    5.862523      0.0
          early_like_ratio        10000.0        0.0     0.796485      0.331956    0.000000    0.012131    0.071424    0.611111     1.000000     1.000000     1.000000      1.000000 1.000000e+00 -1.278712   -0.008728      7.0
           very_high_reach        10000.0        0.0     0.050000      0.217956    0.000000    0.000000    0.000000    0.000000     0.000000     0.000000     0.050000      1.000000 1.000000e+00  4.130103   15.060761   9500.0

=== CORRELATIONS ===

                          persuasive_power_index  amplification_index  high_effort_engagement  engagement_success_index  authority_log   reach  log_reach  log_reach_sq  very_high_reach  reach_efficiency
persuasive_power_index                    1.0000               0.6515                  0.0792                    0.0923         0.4077  0.3492     0.6569        0.6691           0.5021           -0.1970
amplification_index                       0.6515               1.0000                  0.2381                    0.2795         0.5404  0.4278     0.9902        0.9861           0.6114           -0.2352
high_effort_engagement                    0.0792               0.2381                  1.0000                    0.7492         0.5069  0.0952     0.2407        0.2427           0.1806            0.5653
engagement_success_index                  0.0923               0.2795                  0.7492                    1.0000         0.6644  0.0780     0.2819        0.2783           0.1792            0.6319
authority_log                             0.4077               0.5404                  0.5069                    0.6644         1.0000  0.2240     0.5446        0.5446           0.3638            0.3182
reach                                     0.3492               0.4278                  0.0952                    0.0780         0.2240  1.0000     0.4324        0.4886           0.3752           -0.0612
log_reach                                 0.6569               0.9902                  0.2407                    0.2819         0.5446  0.4324     1.0000        0.9958           0.6171           -0.2360
log_reach_sq                              0.6691               0.9861                  0.2427                    0.2783         0.5446  0.4886     0.9958        1.0000           0.6547           -0.2264
very_high_reach                           0.5021               0.6114                  0.1806                    0.1792         0.3638  0.3752     0.6171        0.6547           1.0000           -0.1015
reach_efficiency                         -0.1970              -0.2352                  0.5653                    0.6319         0.3182 -0.0612    -0.2360       -0.2264          -0.1015            1.0000